0 0.026562500000000003 0.65 0.0140625 0.036111111111111115
0 0.036328125 0.44375000000000003 0.014843750000000001 0.015277777777777779
0 0.05078125 0.4638888888888889 0.018750000000000003 0.019444444444444445
0 0.1203125 0.6020833333333333 0.015625 0.04027777777777778
0 0.585546875 0.45208333333333334 0.03828125 0.04027777777777778
0 0.688671875 0.3784722222222222 0.03671875 0.03194444444444445
0 0.722265625 0.35625 0.014843750000000001 0.018055555555555557
0 0.8054687500000001 0.2951388888888889 0.09843750000000001 0.09861111111111112
0 0.8640625000000001 0.24097222222222223 0.018750000000000003 0.018055555555555557
0 0.917578125 0.2138888888888889 0.025781250000000002 0.025
0 0.9625 0.19791666666666669 0.0140625 0.0375